859318
859558
859834
859854
859856
859859
859860
859861
859862
859865
859866
859867
859868
859869
859870
859871
859872
859873
859874
859875
859876
859877
859878
859879
859880
859881
859882
859883
859884
859885
859886
859887
859888
859889
859890
859891
859892
859893
859894
859895
859896
859897
859898
859899
859900
859901
859902
859903
859904
859905
859906
859907
859908
859909
859910
859911
859912
859913
859914
859915
859916
859917
859918
859919
859920
859921
859922
859923
859924
859925
859926
859928
859929
859932
859933
859934
859935
859936
859937
859938
859941
859945